100 100
99 99
98 98
97 97
96 96
95 95
94 94
93 93
92 92
91 91
90 90
89 89
88 88
87 87
87 86
86 85
85 84
84 83
83 82
82 81
81 80
80 79
79 78
78 77
78 76
77 75
76 74
76 73
76 72
75 71
74 70
73 69
73 68
72 67
72 66
71 65
70 64
69 63
68 62
67 61
66 60
65 59
64 58
63 57
62 56
61 55
60 54
59 53
58 52
57 51
56 50
55 49
54 48
53 47
52 46
52 45
52 44
51 43
50 42
49 41
48 40
47 39
46 38
45 37
44 36
43 35
42 34
41 33
40 32
39 31
38 30
37 29
36 28
35 27
34 26
33 25
32 24
31 23
30 22
29 21
28 20
27 19
26 18
25 17
24 16
23 15
22 15
21 14
20 13
19 12
18 11
17 11
16 10
15 9
14 8
13 7
12 6
11 5
10 5
9 4
8 4
7 4
6 3
5 3
4 2
3 1
2 0
1 0
0 0
